125302
125323
125338
127924
127954
127972
126343
126372
126386
126387
126121
126150
126167
126344
126367
126381
126489
126510
126528
2412
35565
106535
125216
125240
125253
126535
126573
126594
126595
127486
127510
127526
127925
127952
127970
127782
127804
127814
125504
125532
125552
115150
127941
127979
127980
126395
126408
126416
126103
126115
126123
126124
126147
126159
126160
126161
126162
125600
125625
125651
127927
127948
127965
125457
125474
125484
125485
125486
127417
127453
127475
127476
126346
126368
126369
126382
126383
125266
125283
125293
127928
127953
127971
125668
125707
125732
127420
127449
127471
127784
127810
127825
126182
126192
126200
125511
125529
125548
126934
126960
126981
126183
126194
126206
127837
127847
127859
126347
126362
126375
126348
126363
126376
127330
127365
127390
126184
126196
126208
127490
127499
127532
126936
126971
126992
125460
125477
125489
127785
127812
127829
126441
126453
126469
126442
126458
126477
127563
127578
127596
127491
127507
127522
125513
125531
125551
127930
127942
127960
127931
127949
127966
127867
127894
127911
127786
127803
127815
126550
126571
126592
125878
125900
125920
125675
125693
125714
127638
127660
127682
14572
94238
127121
127074
127100
127118
127126
127156
127178
125038
125581
125591
125382
125395
125401
125677
125701
125725
127564
127576
127592
127593
127594
126551
126564
126586
125259
125261
125263
127788
127799
127832
125678
125705
125730
127639
127652
127670
127789
127813
127830
126222
126253
126277
126278
126279
127077
127086
127119
127698
127716
127729
126223
126255
126281
126282
126283
126284
126285
126286
126062
126071
126081
127641
127654
127673
20767
59195
100411
20912
62196
101708
126102
114804
114812
114824
119024
126488
127539
127550
127552
125882
125910
125932
125913
125935
125953
126349
126364
126377
126350
126365
126378
126351
126366
126379
127933
127957
127975
127934
127958
127976
125819
125842
125865
125225
125241
125254
127494
127505
127520
125385
125392
125397
127205
127208
127253
127935
127947
127964
125568
125579
125589
126130
126130
126141
126141
126178
126179
127105
127797
127802
127833
127834
125312
125324
125339
125890
125901
125921
127936
127951
127968
125353
125362
125372
125609
125620
125621
125641
125642
125643
125644
125645
125610
125616
125637
125611
125618
125638
126011
126021
126039
126043
126226
126250
126274
126227
126249
126273
127746
127759
127779
125314
125321
125334
125612
125622
125624
125646
125648
125649
125650
127541
127545
127553
127937
127946
127963
127542
127547
127555
127140
127146
127166
127010
127033
127060
125570
125582
125594
125415
125424
125437
125893
125909
125929
117272
126512
126532
127431
127454
127477
125754
125758
125781
125785
125786
127342
127366
127391
127264
127287
127316
127433
127440
127461
125272
125285
125295
126860
126882
126915
127645
127661
127683
127684
127569
127574
127590
127938
127950
127967
125273
125284
125294
125958
125969
125984
125572
125575
125584
127842
127848
127860
127608
127619
127628
125419
125430
125443
125960
125964
125978
126013
126022
126040
126041
126042
127939
127955
127973
126716
126727
126757
125691
125702
125726
126300
126313
126332
126301
126314
126333
126302
126317
126335
125229
125239
125252
127082
127099
127117
127648
127655
127674
127675
127676
127677
127266
127286
127315
125692
125704
125729
127940
127956
127974
125518
125518
125526
125544
125623
125647
126948
126954
126973
125274
125287
125298
125386
125394
125400
127267
127280
127307
126949
126963
126984
126447
126457
126475
127142
127160
127182